position: 
  x: 2.9471178293
  y: -27.3476737071
  z: 0.0
orientation: 
  x: 0.0
  y: 0.0
  z: 0.8782476278
  w: 0.478206131562
