position: 
  x: 2.74043363939
  y: -27.0287982787
  z: 0.0
orientation: 
  x: 0.0
  y: 0.0
  z: 0.879202282931
  w: 0.476448681065
