position: 
  x: -1.19763094096
  y: -18.9131762454
  z: 0.0
orientation: 
  x: 0.0
  y: 0.0
  z: 0.801132623857
  w: 0.598486857827
