position: 
  x: 36.2154495113
  y: -52.8226370159
  z: 0.0
orientation: 
  x: 0.0
  y: 0.0
  z: -0.21023438131
  w: 0.977651013867
