position: 
  x: 37.1258183791
  y: -53.2395127435
  z: 0.0
orientation: 
  x: 0.0
  y: 0.0
  z: -0.209256625342
  w: 0.977860759388
