position: 
  x: 38.0365683542
  y: -53.6476032726
  z: 0.0
orientation: 
  x: 0.0
  y: 0.0
  z: -0.209256625342
  w: 0.977860759388
