position: 
  x: 39.048046272
  y: -54.0999031908
  z: 0.0
orientation: 
  x: 0.0
  y: 0.0
  z: -0.209256625342
  w: 0.977860759388
