position: 
  x: 39.9615282785
  y: -54.5067805571
  z: 0.0
orientation: 
  x: 0.0
  y: 0.0
  z: -0.207300486614
  w: 0.978277316639
