position: 
  x: 40.8763090527
  y: -54.9119663096
  z: 0.0
orientation: 
  x: 0.0
  y: 0.0
  z: -0.20632210581
  w: 0.978484127952
