position: 
  x: 41.7716484645
  y: -55.3123393145
  z: 0.0
orientation: 
  x: 0.0
  y: 0.0
  z: -0.237522626446
  w: 0.971382006178
