position: 
  x: 42.7739563654
  y: -55.7099435338
  z: 0.0
orientation: 
  x: 0.0
  y: 0.0
  z: -0.172940812124
  w: 0.984932218735
