position: 
  x: 43.7152048595
  y: -56.0506071064
  z: 0.0
orientation: 
  x: 0.0
  y: 0.0
  z: -0.172940812124
  w: 0.984932218735
