position: 
  x: 44.6566112736
  y: -56.3893591378
  z: 0.0
orientation: 
  x: 0.0
  y: 0.0
  z: -0.171955793599
  w: 0.985104667052
