position: 
  x: -1.48317014345
  y: -17.9527229562
  z: 0.0
orientation: 
  x: 0.0
  y: 0.0
  z: 0.80232799451
  w: 0.596883396674
