position: 
  x: 45.5979371479
  y: -56.7321137198
  z: 0.0
orientation: 
  x: 0.0
  y: 0.0
  z: -0.169985241666
  w: 0.985446608201
