position: 
  x: 46.6099196493
  y: -57.0970381071
  z: 0.0
orientation: 
  x: 0.0
  y: 0.0
  z: -0.168014009794
  w: 0.985784607566
