position: 
  x: 47.5538110936
  y: -57.4288039701
  z: 0.0
orientation: 
  x: 0.0
  y: 0.0
  z: -0.167028141343
  w: 0.985952128655
