position: 
  x: 48.4920863035
  y: -57.7554144063
  z: 0.0
orientation: 
  x: 0.0
  y: 0.0
  z: -0.158147927384
  w: 0.987415430842
