position: 
  x: 49.494221021
  y: -57.9260285227
  z: 0.0
orientation: 
  x: 0.0
  y: 0.0
  z: 0.0121850056326
  w: 0.999925760063
