position: 
  x: 50.4661080202
  y: -57.8784143212
  z: 0.0
orientation: 
  x: 0.0
  y: 0.0
  z: 0.0671347743458
  w: 0.997743916079
