position: 
  x: 51.3623318986
  y: -57.6741843854
  z: 0.0
orientation: 
  x: 0.0
  y: 0.0
  z: 0.155551087729
  w: 0.987827848922
