position: 
  x: 52.0968556474
  y: -57.2317301486
  z: 0.0
orientation: 
  x: 0.0
  y: 0.0
  z: 0.392350223991
  w: 0.919815906437
