position: 
  x: 52.7903359442
  y: -56.3957239611
  z: 0.0
orientation: 
  x: 0.0
  y: 0.0
  z: 0.435132385955
  w: 0.900366484657
