position: 
  x: 53.2887298753
  y: -55.6125970443
  z: 0.0
orientation: 
  x: 0.0
  y: 0.0
  z: 0.554852205577
  w: 0.831948934711
