position: 
  x: 53.458330817
  y: -54.7829869994
  z: 0.0
orientation: 
  x: 0.0
  y: 0.0
  z: 0.746099952069
  w: 0.665833959424
