position: 
  x: 53.1655925175
  y: -54.0322179206
  z: 0.0
orientation: 
  x: 0.0
  y: 0.0
  z: 0.905342411838
  w: 0.424682372282
