position: 
  x: 52.4131622217
  y: -53.5096552809
  z: 0.0
orientation: 
  x: 0.0
  y: 0.0
  z: 0.986969337614
  w: 0.160908441699
