position: 
  x: 51.4989425979
  y: -53.2726669686
  z: 0.0
orientation: 
  x: 0.0
  y: 0.0
  z: 0.998668446938
  w: 0.0515881099774
