position: 
  x: 50.5304581281
  y: -53.2334896904
  z: 0.0
orientation: 
  x: 0.0
  y: 0.0
  z: -0.999990368442
  w: 0.00438896629384
