position: 
  x: 49.4194960902
  y: -53.242504895
  z: 0.0
orientation: 
  x: 0.0
  y: 0.0
  z: -0.999990368441
  w: 0.00438896629383
