position: 
  x: 48.4180589763
  y: -53.233041938
  z: 0.0
orientation: 
  x: 0.0
  y: 0.0
  z: -0.999979590534
  w: 0.00638893691947
