position: 
  x: 47.4636220586
  y: -53.2424122659
  z: 0.0
orientation: 
  x: 0.0
  y: 0.0
  z: 0.999920482146
  w: 0.0126106853464
