position: 
  x: 46.4804147933
  y: -53.1705335891
  z: 0.0
orientation: 
  x: 0.0
  y: 0.0
  z: 0.999175485872
  w: 0.0405998575485
