position: 
  x: 45.3841863986
  y: -53.1029773125
  z: 0.0
orientation: 
  x: 0.0
  y: 0.0
  z: 0.999878150508
  w: 0.0156103855452
