position: 
  x: -2.08211581341
  y: -15.9670941744
  z: 0.0
orientation: 
  x: 0.0
  y: 0.0
  z: 0.803520155852
  w: 0.595277547989
