position: 
  x: 44.3839812242
  y: -53.0604647927
  z: 0.0
orientation: 
  x: 0.0
  y: 0.0
  z: 0.999893260952
  w: 0.0146104997561
