position: 
  x: 43.3848422692
  y: -53.0336356116
  z: 0.0
orientation: 
  x: 0.0
  y: 0.0
  z: 0.999907371503
  w: 0.0136105993566
