position: 
  x: 42.3841449367
  y: -53.0090518406
  z: 0.0
orientation: 
  x: 0.0
  y: 0.0
  z: 0.999932592869
  w: 0.0116107587256
