position: 
  x: 41.3097692073
  y: -52.979000657
  z: 0.0
orientation: 
  x: 0.0
  y: 0.0
  z: 0.999953814507
  w: 0.00961087165158
