position: 
  x: 40.3140811748
  y: -52.9393020986
  z: 0.0
orientation: 
  x: 0.0
  y: 0.0
  z: 0.999953814506
  w: 0.00961087165158
