position: 
  x: 39.3173064349
  y: -52.9015041691
  z: 0.0
orientation: 
  x: 0.0
  y: 0.0
  z: 0.99997103633
  w: 0.0076109461341
