position: 
  x: 38.3390852737
  y: -52.8764516589
  z: 0.0
orientation: 
  x: 0.0
  y: 0.0
  z: -0.999538290469
  w: 0.0303843032801
