position: 
  x: 37.2751384963
  y: -53.0463467354
  z: 0.0
orientation: 
  x: 0.0
  y: 0.0
  z: -0.996270792174
  w: 0.0862815661758
