position: 
  x: 36.2898551775
  y: -53.2201764097
  z: 0.0
orientation: 
  x: 0.0
  y: 0.0
  z: -0.996184012486
  w: 0.0872777936611
