position: 
  x: 35.3225440857
  y: -53.3922653824
  z: 0.0
orientation: 
  x: 0.0
  y: 0.0
  z: -0.998628011207
  w: 0.0523650191613
