position: 
  x: -2.39688172265
  y: -15.0270134518
  z: 0.0
orientation: 
  x: 0.0
  y: 0.0
  z: 0.815842895886
  w: 0.578273611046
