position: 
  x: 34.2430576861
  y: -53.5733998596
  z: 0.0
orientation: 
  x: 0.0
  y: 0.0
  z: -0.995917696674
  w: 0.0902659484659
