position: 
  x: 33.2593273649
  y: -53.7530480918
  z: 0.0
orientation: 
  x: 0.0
  y: 0.0
  z: -0.995917696674
  w: 0.0902659484659
