position: 
  x: 32.2754140256
  y: -53.9344681003
  z: 0.0
orientation: 
  x: 0.0
  y: 0.0
  z: -0.995826932781
  w: 0.0912618208637
