position: 
  x: 31.2166582471
  y: -54.1183654546
  z: 0.0
orientation: 
  x: 0.0
  y: 0.0
  z: -0.995642417608
  w: 0.0932532908779
