position: 
  x: 30.2326913053
  y: -54.2982576091
  z: 0.0
orientation: 
  x: 0.0
  y: 0.0
  z: -0.995548666512
  w: 0.0942488865029
