position: 
  x: 29.2532053668
  y: -54.4869713043
  z: 0.0
orientation: 
  x: 0.0
  y: 0.0
  z: -0.995453919866
  w: 0.095244387879
