position: 
  x: 28.322323812
  y: -54.7422701162
  z: 0.0
orientation: 
  x: 0.0
  y: 0.0
  z: -0.987482666904
  w: 0.157727558038
