position: 
  x: 27.3717787235
  y: -55.0560589123
  z: 0.0
orientation: 
  x: 0.0
  y: 0.0
  z: -0.987165237033
  w: 0.1597022066
