position: 
  x: 26.3172335957
  y: -55.4072924727
  z: 0.0
orientation: 
  x: 0.0
  y: 0.0
  z: -0.987005041271
  w: 0.160689291822
