position: 
  x: 25.3837641703
  y: -55.7131210186
  z: 0.0
orientation: 
  x: 0.0
  y: 0.0
  z: -0.992023539419
  w: 0.126052755774
