position: 
  x: -2.72973647697
  y: -14.0829753843
  z: 0.0
orientation: 
  x: 0.0
  y: 0.0
  z: 0.816997810652
  w: 0.576640769795
