position: 
  x: 24.450319364
  y: -56.0205905245
  z: 0.0
orientation: 
  x: 0.0
  y: 0.0
  z: -0.986843858503
  w: 0.161676216354
