position: 
  x: 23.5023835609
  y: -56.3406156892
  z: 0.0
orientation: 
  x: 0.0
  y: 0.0
  z: -0.986681688892
  w: 0.16266297921
