position: 
  x: 22.4504377401
  y: -56.6980088125
  z: 0.0
orientation: 
  x: 0.0
  y: 0.0
  z: -0.986681688892
  w: 0.16266297921
