position: 
  x: 21.5031259814
  y: -57.0214282797
  z: 0.0
orientation: 
  x: 0.0
  y: 0.0
  z: -0.986354389788
  w: 0.164636015946
