position: 
  x: 20.5651417423
  y: -57.3142125347
  z: 0.0
orientation: 
  x: 0.0
  y: 0.0
  z: -0.991380877998
  w: 0.131011277148
