position: 
  x: 19.5982374174
  y: -57.5732415396
  z: 0.0
orientation: 
  x: 0.0
  y: 0.0
  z: -0.991380877998
  w: 0.131011277148
