position: 
  x: 18.5628628042
  y: -57.8529816378
  z: 0.0
orientation: 
  x: 0.0
  y: 0.0
  z: -0.991249371052
  w: 0.132002592355
