position: 
  x: 17.6031224249
  y: -58.1236636041
  z: 0.0
orientation: 
  x: 0.0
  y: 0.0
  z: -0.991116872857
  w: 0.13299377556
