position: 
  x: 16.6380928776
  y: -58.3877036099
  z: 0.0
orientation: 
  x: 0.0
  y: 0.0
  z: -0.990983383545
  w: 0.133984825771
