position: 
  x: 15.6737419452
  y: -58.6523284022
  z: 0.0
orientation: 
  x: 0.0
  y: 0.0
  z: -0.990983383545
  w: 0.133984825771
