position: 
  x: -3.10045260329
  y: -13.0399015787
  z: 0.0
orientation: 
  x: 0.0
  y: 0.0
  z: 0.821584743813
  w: 0.570086404621
