position: 
  x: 14.6374081736
  y: -58.9399221579
  z: 0.0
orientation: 
  x: 0.0
  y: 0.0
  z: -0.99084890325
  w: 0.134975741997
