position: 
  x: 13.6731402929
  y: -59.2085993873
  z: 0.0
orientation: 
  x: 0.0
  y: 0.0
  z: -0.990576970249
  w: 0.13695716853
