position: 
  x: 12.7568751906
  y: -59.531374497
  z: 0.0
orientation: 
  x: 0.0
  y: 0.0
  z: -0.981165881561
  w: 0.193167059459
