position: 
  x: 11.7246993324
  y: -59.9557173049
  z: 0.0
orientation: 
  x: 0.0
  y: 0.0
  z: -0.980777585369
  w: 0.19512900358
