position: 
  x: 10.800937906
  y: -60.338682897
  z: 0.0
orientation: 
  x: 0.0
  y: 0.0
  z: -0.980777585369
  w: 0.19512900358
