position: 
  x: 9.87719486737
  y: -60.7229982342
  z: 0.0
orientation: 
  x: 0.0
  y: 0.0
  z: -0.980581966009
  w: 0.196109683438
