position: 
  x: 8.88755992994
  y: -61.1363719184
  z: 0.0
orientation: 
  x: 0.0
  y: 0.0
  z: -0.980385366067
  w: 0.197090167185
