position: 
  x: 7.96801061223
  y: -61.5229374038
  z: 0.0
orientation: 
  x: 0.0
  y: 0.0
  z: -0.98018778574
  w: 0.198070453843
