position: 
  x: 7.04410284259
  y: -61.9063355684
  z: 0.0
orientation: 
  x: 0.0
  y: 0.0
  z: -0.979989225226
  w: 0.19905054243
