position: 
  x: 6.12493839178
  y: -62.2989295967
  z: 0.0
orientation: 
  x: 0.0
  y: 0.0
  z: -0.97857187317
  w: 0.205905534266
