position: 
  x: -3.47248901881
  y: -12.119633813
  z: 0.0
orientation: 
  x: 0.0
  y: 0.0
  z: 0.828366463093
  w: 0.560186578581
