position: 
  x: 5.16337687262
  y: -62.8022905362
  z: 0.0
orientation: 
  x: 0.0
  y: 0.0
  z: -0.967565103968
  w: 0.252621791583
