position: 
  x: 4.28995868921
  y: -63.2933545241
  z: 0.0
orientation: 
  x: 0.0
  y: 0.0
  z: -0.967057925593
  w: 0.254556415257
