position: 
  x: 3.44702818069
  y: -63.7626830729
  z: 0.0
orientation: 
  x: 0.0
  y: 0.0
  z: -0.967057925593
  w: 0.254556415257
