position: 
  x: 2.57078554109
  y: -64.2447870898
  z: 0.0
orientation: 
  x: 0.0
  y: 0.0
  z: -0.966802885691
  w: 0.255523345744
