position: 
  x: 1.6052911084
  y: -64.7914150129
  z: 0.0
orientation: 
  x: 0.0
  y: 0.0
  z: -0.967565103968
  w: 0.252621791583
