position: 
  x: 0.738009697588
  y: -65.237789398
  z: 0.0
orientation: 
  x: 0.0
  y: 0.0
  z: -0.97857187317
  w: 0.205905534266
