position: 
  x: -0.177918297085
  y: -65.6328534477
  z: 0.0
orientation: 
  x: 0.0
  y: 0.0
  z: -0.979589164428
  w: 0.201010121473
