position: 
  x: -1.0803197429
  y: -66.014518639
  z: 0.0
orientation: 
  x: 0.0
  y: 0.0
  z: -0.985856043889
  w: 0.167594333815
