position: 
  x: -2.08843407043
  y: -66.4289365841
  z: 0.0
orientation: 
  x: 0.0
  y: 0.0
  z: -0.978981726821
  w: 0.203947980013
