position: 
  x: -2.96457722546
  y: -66.8492619579
  z: 0.0
orientation: 
  x: 0.0
  y: 0.0
  z: -0.966289905735
  w: 0.257456439179
