position: 
  x: -3.84404747685
  y: -11.1912247841
  z: 0.0
orientation: 
  x: 0.0
  y: 0.0
  z: 0.828366463093
  w: 0.560186578581
