position: 
  x: -3.83097733308
  y: -67.3486101733
  z: 0.0
orientation: 
  x: 0.0
  y: 0.0
  z: -0.965773060621
  w: 0.25938850279
