position: 
  x: -4.79235422816
  y: -67.9064495927
  z: 0.0
orientation: 
  x: 0.0
  y: 0.0
  z: -0.965513189275
  w: 0.260354145995
