position: 
  x: -5.62033761012
  y: -68.4092256165
  z: 0.0
orientation: 
  x: 0.0
  y: 0.0
  z: -0.967565103968
  w: 0.252621791583
