position: 
  x: -6.44792040622
  y: -68.9389625903
  z: 0.0
orientation: 
  x: 0.0
  y: 0.0
  z: -0.957845769255
  w: 0.287282930785
