position: 
  x: -8.2075056514
  y: -70.1070324204
  z: 0.0
orientation: 
  x: 0.0
  y: 0.0
  z: -0.957269288086
  w: 0.28919804648
