position: 
  x: -9.04395030399
  y: -70.6583182279
  z: 0.0
orientation: 
  x: 0.0
  y: 0.0
  z: -0.95668897784
  w: 0.291112005384
