position: 
  x: -9.84808847193
  y: -71.1904754384
  z: 0.0
orientation: 
  x: 0.0
  y: 0.0
  z: -0.956397387539
  w: 0.292068548647
