position: 
  x: -10.6747444744
  y: -71.7487273022
  z: 0.0
orientation: 
  x: 0.0
  y: 0.0
  z: -0.95610484084
  w: 0.293024799841
