position: 
  x: -11.5922606576
  y: -72.3716585888
  z: 0.0
orientation: 
  x: 0.0
  y: 0.0
  z: -0.955516879422
  w: 0.294936422198
