position: 
  x: -4.24685898004
  y: -10.1934694445
  z: 0.0
orientation: 
  x: 0.0
  y: 0.0
  z: 0.829485178771
  w: 0.558528726387
