position: 
  x: -12.4169953246
  y: -72.9362916726
  z: 0.0
orientation: 
  x: 0.0
  y: 0.0
  z: -0.955221465291
  w: 0.29589179145
