position: 
  x: -13.2409206602
  y: -73.5038699666
  z: 0.0
orientation: 
  x: 0.0
  y: 0.0
  z: -0.954329492755
  w: 0.298756120035
