position: 
  x: -14.1468030892
  y: -74.1147128548
  z: 0.0
orientation: 
  x: 0.0
  y: 0.0
  z: -0.964464051372
  w: 0.264214105623
