position: 
  x: -14.9579443075
  y: -74.6696092682
  z: 0.0
orientation: 
  x: 0.0
  y: 0.0
  z: -0.954329492755
  w: 0.298756120035
