position: 
  x: -15.7795780995
  y: -75.2413766544
  z: 0.0
orientation: 
  x: 0.0
  y: 0.0
  z: -0.953730072255
  w: 0.300664180236
