position: 
  x: -16.5948396139
  y: -75.811781108
  z: 0.0
orientation: 
  x: 0.0
  y: 0.0
  z: -0.95668897784
  w: 0.291112005384
