position: 
  x: -17.4425219409
  y: -76.3258119923
  z: 0.0
orientation: 
  x: 0.0
  y: 0.0
  z: -0.96122411762
  w: 0.275768373289
