position: 
  x: -18.3785450153
  y: -76.8976066929
  z: 0.0
orientation: 
  x: 0.0
  y: 0.0
  z: -0.969555094826
  w: 0.244873269462
