position: 
  x: -19.2623030946
  y: -77.3459028893
  z: 0.0
orientation: 
  x: 0.0
  y: 0.0
  z: -0.972888193763
  w: 0.231275944352
