position: 
  x: -20.1478144692
  y: -77.7919229402
  z: 0.0
orientation: 
  x: 0.0
  y: 0.0
  z: -0.975373318705
  w: 0.220560397984
