position: 
  x: 2.2357115123
  y: -26.2524409326
  z: 0.0
orientation: 
  x: 0.0
  y: 0.0
  z: 0.879202282931
  w: 0.476448681065
