position: 
  x: -4.61751167979
  y: -9.26278177152
  z: 0.0
orientation: 
  x: 0.0
  y: 0.0
  z: 0.829485178771
  w: 0.558528726387
