position: 
  x: -21.0982385709
  y: -78.158890548
  z: 0.0
orientation: 
  x: 0.0
  y: 0.0
  z: -0.99357835428
  w: 0.113146161697
