position: 
  x: -22.0093735333
  y: -78.227609639
  z: 0.0
orientation: 
  x: 0.0
  y: 0.0
  z: 0.998509188835
  w: 0.0545838786778
